3 6 26363 283 19062 18900 18829 8342 
3 7 8342 18696 9722 18591 3988 18427 6088 
3 5 8342 18718 8175 18610 18567 
2 3 18567 18506 18435 
3 2 6088 18326 
1 4 18326 18264 8134 18205 
2 5 18326 18339 18291 5845 18215 
1 3 18215 18163 18099 
2 4 18215 18232 18231 18252 
2 3 18567 18506 18435 
2 5 18506 7269 7959 18532 18515 
2 4 6088 18265 18193 18127 
2 4 6088 18303 18310 18284 
1 2 18099 2730 
1 3 18264 8367 18082 
2 3 2597 18369 7383 
2 6 2597 5263 7557 6891 18462 18427 
2 2 18339 18387 
1 4 10117 18618 3156 18532 
3 6 18567 3866 10195 1005 18956 19035 
2 3 7383 7349 18206 
1 4 18284 18237 9197 18075 
2 8 18599 4121 18518 8760 18485 18553 5801 18588 
2 7 8932 8565 19533 7509 1807 19617 8471 
3 8 26363 26364 19133 7254 3950 19055 19072 19035 
1 5 2597 18452 18405 18444 8760 
1 4 18435 18376 4814 18252 
3 3 26363 3558 19088 
2 9 19088 4586 18892 6655 18758 4683 18734 8872 18599 
1 6 8342 18659 4572 18516 7374 18387 
1 4 18206 1486 5736 18075 
3 4 26364 19128 3558 283 
3 2 283 26364 
3 2 26363 19128 
3 3 19035 19112 19197 
3 3 19035 19034 19092 
1 2 18404 18376 
2 6 19035 18987 1163 7059 18899 18829 
1 3 10195 1724 10117 
2 4 8078 4937 18598 18515 
2 2 4937 18763 
2 5 18763 1723 2902 10301 19034 
2 6 19197 19248 4588 19389 19457 8932 
2 7 19000 4393 9662 8055 18986 19071 19092 
2 3 8055 18847 18763 
1 4 19000 3783 18837 8078 
3 3 4758 19143 19092 
2 3 4758 19213 19239 
3 2 7254 19132 
3 6 19128 26372 3133 19315 19380 19437 
2 3 5869 4146 8565 
1 3 19533 19456 6814 
2 6 5869 19755 7363 3986 5496 19926 
2 6 19437 8892 19570 19593 19654 4688 
2 4 19593 1015 8718 19803 
2 4 19755 4460 5421 765 
1 5 18284 18182 18091 7886 17963 
2 2 4588 19442 
1 5 9936 3324 18759 4677 18734 
5 19 10296 1834 19229 2095 19014 1764 18797 4870 2103 18484 7760 5515 18366 6031 18202 18145 18090 6028 17961 
3 11 10296 1596 19196 5294 7237 18855 18782 9956 18585 6803 580 
1 5 5294 19119 19142 19106 6771 
1 3 10172 19228 6771 
1 7 19142 19070 10140 18926 18868 18738 2043 
1 5 2043 18584 6122 4270 18338 
1 5 5294 5999 1764 18797 6879 
1 5 18913 18836 3877 7090 73 
1 3 18484 18468 18425 
1 4 6879 9846 6296 3877 
1 5 9846 6856 18586 18491 5515 
3 22 1695 18315 7242 8908 7888 7830 9479 9815 346 5345 18972 19054 2210 19203 4871 19354 19476 4429 3350 19662 19699 5606 
1 2 19371 182 
1 3 3350 19583 6544 
1 8 19203 6925 8268 18978 3475 19043 5109 8104 
1 5 3475 18965 2240 1969 6052 
1 10 6052 18683 1909 18608 1854 18544 18461 18393 4141 18296 
1 2 18338 18296 
1 9 18296 9241 9429 18119 18021 1261 4575 9887 17743 
1 4 3475 5824 19259 182 
1 4 1969 898 3439 18693 
1 6 19354 2551 5499 19592 8656 11 
1 6 5499 19489 19410 1255 19302 19295 
1 6 19295 19226 19141 625 4595 346 
1 10 625 19079 5194 18950 9346 1468 18828 523 9575 1559 
1 3 9346 1388 9479 
1 4 739 4051 18682 9479 
1 4 9346 18925 18998 4421 
1 8 523 18681 18607 3718 18422 18365 18315 1695 
1 2 9575 18753 
1 3 523 18896 10169 
1 11 346 5345 4333 2278 18756 3448 2172 1760 5228 18566 1909 
1 8 739 18502 18482 18450 90 9522 10072 1552 
1 4 90 18483 8783 3448 
1 6 1552 18345 18460 18503 18521 18544 
1 9 7242 1436 9588 3022 18354 4693 18332 18344 90 
1 5 10072 6237 2070 18490 1760 
1 4 8268 286 18912 2278 
1 4 3350 19670 5305 8656 
1 4 18693 5905 18867 8104 
1 5 8104 18934 943 10261 19070 
1 3 10169 2326 2077 
4 16 2077 19202 4190 19334 19432 19537 19613 2006 8421 1738 6958 20017 6343 4017 20227 9357 
1 6 1738 19878 4140 3654 19834 896 
1 6 896 6065 6710 3856 4293 6343 
1 4 896 2380 5719 19906 
2 9 9357 76 20198 20151 7038 1755 19979 5719 19906 
1 4 7038 20069 2191 3856 
1 10 4017 20169 2767 9027 5387 20055 1315 20040 262 20017 
1 3 5387 6740 20184 
1 4 9357 196 9831 488 
1 5 488 2289 20226 9889 20184 
1 5 896 19774 4807 19614 1340 
1 9 1340 19494 19469 19414 9209 4943 5505 19202 2077 
1 8 19432 2126 19511 19468 3585 8333 19454 131 
1 12 1315 1728 19972 9613 5362 19838 19794 228 19665 19596 19531 131 
1 8 131 5249 3399 19194 19109 19061 174 505 
1 6 505 18933 18955 19027 19068 2077 
1 6 174 18996 19067 4596 19068 2077 
1 9 1315 19978 4680 19847 19788 19720 19613 5895 19511 
1 6 19838 2389 19846 2510 9154 19788 
1 4 19596 3542 19652 19687 
1 6 19613 2340 19661 2760 19598 1340 
1 4 896 1214 9084 11 
1 4 1340 5780 1573 19295 
1 4 4943 19211 4975 4421 
1 5 505 18752 5379 6846 18753 
1 2 9357 20333 
1 4 76 10069 2994 2191 
1 3 18955 18883 6846 
1 5 19613 2340 19532 2001 19414 
1 7 19109 8539 6360 19288 4657 19431 19468 
1 5 861 17793 6326 17645 791 
1 7 18068 18009 6639 18039 18010 17960 861 
1 10 289 9749 18250 18214 18139 10070 18089 3396 2813 18010 
1 5 17457 4397 3470 17687 855 
1 5 5577 17510 9782 3954 1113 
1 2 1113 17457 
1 4 1050 17246 6531 4817 
1 5 4817 6801 17307 8605 661 
1 7 661 17353 17312 7300 5668 3140 2016 
1 7 2016 3140 7935 2818 6737 17521 3577 
1 4 661 17414 17481 3577 
1 2 10053 3577 
1 5 325 18069 1843 18191 289 
1 2 325 17915 
1 5 17743 5658 6852 17927 7190 
1 2 7190 1284 
1 5 1284 9412 1075 1025 18425 
1 4 18425 3244 18504 6803 
1 4 18202 18258 18275 1829 
1 2 17866 17822 
1 4 17822 5724 17637 114 
1 5 17961 17896 1180 5205 17637 
1 2 5658 8971 
1 4 855 949 17662 17645 
1 7 791 2018 8147 17837 17884 17952 18009 
1 6 18068 18129 6283 18179 7465 1695 
1 3 10072 2293 18089 
1 2 580 18338 
1 4 9429 1886 18301 1025 
1 4 18139 3519 7648 9474 
1 5 791 7574 17516 17466 1113 
1 5 73 18560 18426 7634 1829 
1 3 7634 7073 18366 
1 5 9478 18204 5025 490 17961 
1 5 4780 17653 4755 17467 1750 
1 4 17467 10129 3888 3140 
1 5 9474 9959 17748 416 10053 
1 2 855 4960 
1 4 325 18079 18106 18119 
1 3 1284 8851 18202 
1 2 18145 18032 
1 3 1829 6503 18204 
1 5 18204 18152 18134 9146 6259 
1 5 6046 3256 17827 634 9585 
1 4 634 9079 4529 2144 
1 4 1180 7361 9975 17762 
1 2 17762 9585 
1 4 18009 3556 4431 18221 
1 3 1113 8356 2312 
1 4 1113 3954 5103 4817 
1 7 5577 7561 7526 7971 17550 17472 17414 
1 6 9429 18192 1629 18162 18167 1284 
1 5 17307 17219 17171 2495 5784 
4 5 1156 3386 17462 8487 17532 
1 6 9179 17861 1317 4228 17907 96 
1 8 96 17936 17937 3984 602 8963 18060 152 
1 7 287 17932 2012 1782 2351 8042 510 
1 3 287 18003 18060 
1 2 373 433 
1 6 433 8493 16454 8953 16516 969 
1 12 969 16599 2647 9047 16720 3632 16762 16805 2056 5466 16851 479 
1 4 479 5757 2822 1791 
1 5 1791 17117 2947 17238 1685 
1 5 1685 17342 17379 9641 1750 
1 4 1685 17397 17458 114 
1 8 1685 5244 17318 17328 7511 3215 17229 671 
1 5 1791 17161 17196 17221 17229 
1 6 1791 17091 17023 17012 10180 1610 
1 6 1610 2602 16938 5526 121 17024 
1 5 2229 16844 9028 5526 121 
1 4 2229 16787 5272 2602 
1 4 2229 8158 16613 969 
1 10 121 17068 17099 17162 8377 671 7970 6328 17493 127 
1 4 127 2829 442 9585 
1 5 127 17587 605 223 296 
1 5 296 17720 3171 17613 601 
1 6 601 17580 5791 3340 1305 611 
1 5 611 4685 202 9277 17024 
1 7 4685 17152 6242 17223 755 9838 2715 
1 3 8796 7915 1877 
1 3 16932 6809 1877 
1 8 1877 3708 4277 16885 9081 1243 7834 17024 
1 5 16932 16983 8205 17172 2715 
1 9 8796 3164 8847 1814 16612 16634 4053 16684 8158 
1 5 373 16381 1863 16525 1814 
1 6 2715 10228 17360 7449 5206 17597 
1 5 5206 8793 7362 17461 1237 
1 3 1237 3967 50 
1 3 1237 2716 1156 
1 4 8042 2587 8487 17532 
1 3 601 17639 5721 
1 7 50 17322 6173 17300 17239 17236 2715 
1 6 50 17289 3675 17240 8081 17241 
1 4 4685 17018 1996 4277 
1 8 17162 2153 9595 17344 17438 2657 17527 5791 
1 6 605 17484 17436 17398 3619 17344 
1 6 17344 1626 17345 17329 17269 611 
1 4 17622 17713 6171 17907 
1 5 127 17435 5330 7759 17328 
1 5 605 7198 2482 17846 5199 
1 2 17613 2657 
1 6 3340 8210 17452 6275 7133 5206 
1 4 755 60 8886 16932 
1 3 6275 17553 4993 
1 5 755 17270 6934 9075 6275 
1 5 4993 17745 7430 8128 96 
1 4 17848 17875 17825 7430 
1 4 17861 1194 17816 6171 
1 2 7430 6171 
1 3 296 6816 4671 
1 5 17398 466 17579 17638 17720 
1 5 5206 17419 17387 5781 17239 
1 6 1877 6241 16997 17061 17152 6242 
1 6 17099 7123 6362 17013 10180 17012 
1 4 16885 8849 9100 4053 
1 4 16612 16556 660 16454 
1 6 114 17612 5562 1794 17706 442 
1 6 442 17575 2157 17459 17380 5244 
1 7 152 6310 18062 2358 2370 8630 17947 
1 4 510 6824 4470 8630 
1 4 18062 8715 17888 1782 
1 8 9333 9991 17248 17183 8293 17105 9742 8205 
1 2 17289 9333 
1 4 17241 17271 204 3386 
1 4 17238 17191 17182 17133 
1 5 18194 18183 18153 18109 878 
1 7 17462 2920 17468 9808 3434 9475 17241 
1 6 479 7286 16958 3292 17098 17133 
1 4 17398 9967 17255 671 
1 6 340 6168 16367 16323 16274 761 
1 4 761 16241 16259 674 
1 5 322 16251 16237 3839 674 
1 3 322 16130 177 
1 4 177 9006 3839 674 
1 4 761 3460 6966 1300 
1 5 95 16250 16223 7713 1300 
1 7 95 2539 8546 2828 16420 16414 16367 
1 6 340 16581 7157 7488 16724 667 
1 7 95 6671 4223 960 8296 16710 667 
1 11 761 16148 16079 16007 15958 15908 3765 2141 6325 15620 12 
1 10 1300 7345 15990 15933 4117 621 15774 2493 7845 12 
1 7 667 6207 4577 782 16987 1331 4373 
1 2 4373 687 
1 4 687 9803 16957 4577 
1 4 4577 8861 6680 197 
1 6 197 3681 16901 2858 5906 560 
1 6 16901 16850 7207 1376 5072 8296 
1 9 340 16564 16536 16571 6837 16561 7902 16608 4527 
1 7 4527 16515 16453 16399 16330 16275 322 
1 8 177 16049 6170 15991 15949 2039 3765 15908 
1 5 667 6207 16842 16843 16879 
1 7 16843 3958 16754 584 651 16581 340 
1 4 16608 16643 1704 16762 
1 6 16851 479 7286 16907 7559 16879 
1 2 4373 17133 
1 4 560 2744 16991 5784 
1 5 16901 2348 16773 1116 16714 
1 7 667 16673 4701 1636 16514 16475 2828 
1 6 340 16607 9111 16743 16798 479 
1 7 16608 16643 9105 4811 3715 5931 16743 
1 4 16536 9359 7217 4878 
1 6 4878 5424 16346 1467 9434 16399 
1 6 322 16114 9131 6989 15890 3457 
1 4 6989 994 7926 16049 
1 3 3765 6894 4117 
1 5 1300 1893 16099 16079 16007 
1 5 15933 7967 2777 16043 16099 
1 4 1300 9659 3031 2828 
1 4 4223 6867 16496 16474 
1 5 16496 2625 3469 4621 1376 
1 5 6867 16406 3902 599 16229 
1 2 95 599 
1 5 15991 8028 8249 16196 16241 
1 3 2858 2934 9733 
1 6 9803 17008 16986 6124 17039 9733 
1 3 6124 16927 197 
1 3 16754 16768 16743 
1 3 16514 4972 4223 
1 4 16475 16470 16504 340 
1 3 674 16345 4878 
1 3 674 6121 8249 
1 3 16007 9416 8028 
1 3 16561 6189 16440 
1 3 16571 16618 3715 
1 4 7488 16605 16555 16475 
1 4 16399 16424 16476 969 
1 4 16773 16774 9019 4621 
1 4 16346 16310 6351 16275 
1 3 16275 1808 8728 
1 4 433 9152 16285 8728 
1 5 9733 17090 5865 4200 17066 
1 2 560 17066 
1 4 17066 17015 17030 2934 
1 3 5906 17015 4200 
1 2 18734 4677 
2 4 18553 18637 9503 18802 
2 3 19128 26370 3042 
2 3 19865 9802 19756 
2 3 19756 19689 19639 
2 5 19639 19516 19445 19356 3042 
2 4 19356 19379 19444 1759 
2 4 1759 19443 4351 19442 
1 7 4677 18759 3324 18748 3740 18749 9503 
2 6 19035 19144 2250 10211 19406 1759 
1 4 19437 6223 19569 19639 
1 4 19315 851 7081 19499 
1 2 851 19336 
2 4 5496 198 19761 19701 
1 4 19701 7445 19568 1759 
2 11 3558 26365 19018 3336 2546 19036 5551 18966 9564 18958 19009 
2 3 765 19515 4351 
1 4 18958 18902 9936 3324 
1 4 1625 6871 8606 19036 
2 2 19056 2546 
2 2 18907 5551 
1 4 19336 7642 19186 8606 
2 6 5869 9536 6704 4880 19924 19973 
2 9 3457 15815 6741 6316 28 3461 15621 15516 904 
1 13 904 7116 1244 15269 15258 15225 15144 15076 5256 14959 4314 2581 1256 
1 7 15258 2169 15471 15568 4989 6929 15770 
1 11 15516 6640 15475 15439 3903 4443 15388 8003 15366 15296 9426 
1 8 15620 15649 15674 15605 8243 9897 15413 15366 
1 7 1256 14931 3472 5885 15045 8936 7454 
1 7 1256 2871 14755 14647 14557 2371 14358 
1 12 14959 14920 1097 4836 5474 2343 14532 14465 14379 14312 7126 387 
1 5 14465 9972 9427 6262 265 
1 7 14379 8322 3028 6570 8299 1710 4299 
1 8 14557 2371 14358 9770 5989 8458 8345 8299 
1 9 1256 2537 15127 15170 9989 15327 3892 15466 5571 
1 7 4989 15651 2416 15615 15554 5635 5571 
1 6 2169 9248 5310 15465 15399 3892 
1 8 1097 14710 14627 14466 7461 14343 14262 8458 
1 13 2343 1644 14699 14850 14918 1011 3051 7849 5163 2163 2341 15239 15296 
1 8 265 14556 7718 9382 14863 1011 3051 7849 
1 8 15516 15444 15380 3961 15208 10010 2253 3051 
1 11 15621 3461 2286 6040 1961 8181 1383 7306 16180 2633 433 
1 14 373 16239 3426 9676 4576 1197 9840 2628 15675 4298 1093 3250 15373 15269 
1 7 15269 5351 15224 8040 3362 2253 3051 
2 4 19371 19441 19513 6544 
1 9 6544 19545 5980 19557 3023 19546 929 19498 10296 
1 7 10296 19455 19514 19538 4021 19558 8471 
1 3 18913 996 3783 
1 9 18913 3584 3707 19161 1797 19314 19378 7282 19558 
1 5 19229 19185 19174 948 1797 
1 15 5606 9730 3490 5190 5127 19740 19672 19673 19681 6301 574 19724 19742 19732 6704 
1 3 19673 4896 19514 
1 5 10172 2354 5097 19363 182 
1 4 19498 7596 19348 10172 
1 2 1797 6712 
1 5 3707 19028 8782 18944 1764 
1 9 19973 2033 19939 4643 5753 19870 3422 19925 19926 
1 7 5097 19416 5980 1052 19671 981 3490 
1 2 6046 6259 
1 2 5199 4671 
1 2 6046 7594 
1 2 2730 7594 
1 2 5199 2730 
1 9 16474 1319 6374 8353 16355 4430 5043 16257 1327 
1 8 229 16597 16542 1669 4236 566 8592 1327 
1 6 2744 16864 16767 16713 16701 229 
1 2 16714 16713 
1 14 16597 5311 16541 3188 297 974 5004 16291 16256 2496 989 16111 3761 946 
1 3 16111 16098 733 
1 9 733 9708 9650 3898 16189 16221 16236 16174 1327 
1 18 16174 2825 15989 8316 15853 15804 15752 15666 1744 15512 15442 2638 15250 1204 15107 14995 14930 2598 
1 5 1744 3451 4941 1456 2718 
1 11 2718 4079 10082 15604 15619 15614 1117 1367 7108 7672 805 
1 5 805 15599 8291 15648 12 
1 13 805 9458 15379 7158 15215 15136 2291 15023 6881 3918 9017 1043 6918 
1 11 7158 9245 5348 15184 15201 15149 15094 15068 6459 15044 168 
1 10 15201 689 15222 10003 15372 2044 15474 15551 15545 2718 
1 15 15853 6440 9259 15938 5848 15942 8741 1676 2746 5667 15948 16023 16042 2242 15990 
1 6 15804 495 3481 15722 15658 673 
1 4 15658 6564 4690 1744 
1 7 15722 15737 9978 8075 2631 15986 733 
1 7 4430 16258 16202 4386 10061 1145 5848 
1 7 366 1192 7608 9711 15847 15907 2746 
1 5 15847 4763 15726 15673 15614 
1 4 366 9057 15875 9259 
1 8 15136 15055 14968 3327 9565 14719 14635 7909 
1 2 9426 15202 
1 4 15202 15179 4901 15023 
1 6 12 15525 15552 15451 15387 7158 
1 6 15525 15443 2998 15295 2257 15179 
1 8 15068 3456 15011 14942 14946 636 8252 9565 
1 5 16256 3621 16380 9147 16481 
1 8 6374 16359 559 16222 7848 16083 5576 2746 
1 6 2638 15442 9757 15523 15533 1456 
1 7 15533 15462 5068 15286 5334 15135 168 
1 7 15989 1485 6220 15966 15924 3242 8075 
1 7 6316 9847 2862 15606 7772 4641 8243 
1 2 2312 17187 
1 2 1050 17187 
1 9 17187 17165 7947 1802 2318 7963 16874 16820 1283 
1 5 1283 16671 3055 1920 16481 
1 6 3055 16632 6579 16604 16623 443 
1 14 443 4211 5155 2799 16873 4948 16976 8038 3406 6417 17250 17326 2973 17464 
1 9 17464 8771 9064 17698 17754 17821 7541 6445 18068 
1 10 1802 2317 5255 9760 558 2321 226 3617 3885 16541 
1 5 3406 1517 16968 7244 7963 
1 4 443 3341 16529 10138 
1 9 6579 3039 16449 8792 2658 16248 9648 16124 946 
1 9 16671 1066 16672 16678 16617 16633 5523 5842 3188 
1 6 9760 16964 16969 5639 16956 5784 
1 10 7574 17515 9509 17327 17352 2345 17180 1675 7522 1517 
1 5 16976 3455 1149 16955 5110 
1 5 5639 16898 16833 16766 226 
1 4 20333 20377 20417 20445 
1 15 20445 8579 103 20522 20549 3515 8803 9279 9743 8710 20634 2685 20657 572 3731 
1 9 20184 20225 235 375 5788 895 20283 20291 8649 
1 8 8710 1081 3501 20604 5819 9559 7369 301 
1 10 301 20545 9495 7694 20452 10299 5670 20315 20284 375 
1 11 10299 2846 20416 8530 20435 8818 20441 3087 20462 103 8579 
1 4 20441 20404 20366 488 
1 7 375 20168 20119 20076 20016 19961 5362 
1 8 9279 7763 727 7324 589 20485 5233 7694 
1 5 20545 20527 20514 6278 2000 
1 6 20657 9139 5459 3237 6217 6530 
1 5 8818 4365 20487 20518 20549 
1 6 727 2621 3979 1768 20510 20487 
1 5 6217 5099 3530 6819 5819 
1 2 8803 17 
1 4 17 20602 20611 9743 
1 7 17 20591 20573 20560 20541 20516 8579 
1 13 17464 5180 17571 2770 5266 17631 8454 17791 3313 17985 10254 8008 1695 
1 5 2099 7745 18104 18029 17985 
1 5 2099 18219 18271 9825 18365 
1 13 19687 211 19767 19815 931 19861 3223 3997 5965 8966 952 20074 758 
1 10 5965 20059 20060 20102 1838 8951 4489 5710 20245 8649 
1 7 19815 2696 9212 7436 19976 1672 20083 
1 5 20083 20118 20158 5197 20283 
1 20 758 20200 6722 20273 1153 9107 20361 3746 8860 20492 874 7013 3091 238 7180 20612 20622 3402 20645 8784 
1 11 8951 410 20238 1153 1534 20356 20369 4815 20433 6078 2106 
1 8 6078 7599 6758 20554 5173 20584 20595 238 
1 5 20612 4095 2672 20593 301 
1 4 2000 20449 5942 8860 
1 10 410 8183 20290 1668 20347 3454 20410 20434 2861 20452 
1 5 1838 7543 1051 20000 19976 
1 6 9212 19877 8980 19922 19874 19838 
1 4 3402 5240 4278 2766 
1 14 238 7487 20618 20629 8273 3226 20667 2421 20666 20661 10126 20660 20662 745 
1 5 4815 20360 20346 2644 5183 
1 3 5173 2487 20590 
1 4 6758 20451 2995 20356 
