1 10053
1 10072
1 1025 
1 10296
1 1052 
1 11 
1 1113 
1 12 
1 121 
1 1237 
1 1255 
1 1261 
1 127 
1 1284 
1 1300 
1 131 
1 1340 
1 152 
1 1610 
1 16399 
1 16440 
1 16475 
1 16536 
1 16612 
1 16643 
1 16743 
1 16773 
1 16843 
1 1685 
1 16885 
1 17015 
1 17239 
1 17289 
1 17307 
1 17344 
1 1738 
1 17398 
1 17467 
1 17532 
1 1759
1 17637 
1 17743
1 1782 
1 17866
1 1791 
1 17961
1 18010
1 18099
1 18139
1 18194
1 182 
1 18204
1 18221
1 18315
1 18338
1 18354
1 18425
1 1843 
1 18515
1 1854 
1 18567
1 18588
1 1877
1 19000
1 19028
1 19035
1 19036
1 19109
1 19203
1 19416
1 19437
1 19511
1 19596
1 19673
1 19788 
1 19803 
1 19838 
1 19906 
1 19973 
1 2043 
1 2077 
1 2229 
1 2340 
1 2597
1 26363
1 26363 
1 296 
1 3140 
1 322 
1 3386 
1 3448 
1 3577 
1 3765 
1 3839 
1 3856 
1 3984 
1 433 
1 4373 
1 442 
1 4421 
1 4621 
1 4643 
1 4685 
1 479 
1 488 
1 4943 
1 505 
1 5103 
1 5206 
1 5294 
1 5345 
1 5387 
1 5499 
1 5606 
1 5721 
1 5791 
1 5869 
1 599 
1 6088
1 6088 
1 6124 
1 6259 
1 6275 
1 634 
1 6343 
1 6544 
1 6704 
1 671 
1 6712 
1 6771 
1 6846 
1 6879 
1 6989 
1 73 
1 7430 
1 7465 
1 755 
1 7561 
1 7594 
1 761 
1 7634
1 791 
1 8028 
1 8042 
1 8104 
1 8296 
1 8471 
1 855 
1 8630
1 8932
1 896 
1 9346
1 9357
1 9429
1 9474
1 9475
1 9575
1 96 
1 969 
1 981 
